63.0
54.0
47.0
58.0
37.0
57.0
41.0
36.0
54.0
44.0
55.0
59.0
42.0
50.0
56.0
60.0
56.0
45.0
52.0
53.0
57.0
57.0
22.0
53.0
41.0
20.0
44.0
62.0
53.0
51.0
53.0
59.0
52.0
61.0
63.0
58.0
55.0
35.0
49.0
55.0
56.0
67.0
46.0
45.0
60.0
47.0
52.0
53.0
54.0
64.0
44.0
47.0
47.0
51.0
51.0
58.0
61.0
65.0
46.0
47.0
55.0
44.0
50.0
44.0
48.0
48.0
43.0
56.0
54.0
49.0
59.0
51.0
46.0
50.0
50.0
49.0
53.0
56.0
55.0
55.0
47.0
56.0
50.0
54.0
58.0
57.0
52.0
54.0
50.0
51.0
58.0
53.0
49.0
44.0
57.0
49.0
42.0
56.0
49.0
47.0
